001000000000 001000000000 001000000000 001000000000 001000000000 001000000000 001000000000 001000000000 
001000000000 000000000000 000000000000 000000000000 000000000000 000000000000 000000000000 000000000000 
001000000000 000000000000 001000000000 000000000000 010000000000 000000000000 111000000000 000000000000 
111010110100 001001011101 111001111100 110111001000 111001001111 111011011011 111011100010 000001011011 
111111000000 101011101011 000010001110 111110011100 111110011100 111101100011 110110111110 000001100011 
000000100011 000111100111 111101001111 000000010010 001000111111 000010100110 111100101101 111010110111 
010010110001 000000101110 010001101100 000101111101 000101011010 111100000010 001000000000 110000111010 
111101010000 001101010101 111001110111 010101000101 111111110111 000010011100 000101011110 000000011101 
010001100011 111101010001 000011010101 110110010111 101011001010 000001001010 000000110101 111101111100 
111000110101 000101011111 111100111001 000101001110 001001001101 000000101100 000000000001 110110011010 
000010000000 001000000111 000111110110 000001000110 111001111111 110010011010 111101101100 111101110111 
110101110001 000000000011 111111111111 111000110111 111101110111 110101001001 111110111000 111100100001 
000101001011 110100010010 000011000101 001000111101 111111111101 111101111101 110110101001 000100101100 
111100101000 110001110100 111111011011 001001100100 111111000001 111111110000 101100100100 111111100011 
110111111111 001001001101 111101010000 000001000100 110110000100 000011011010 000111100101 111010101011 
000111101100 110110001000 001100110110 000111000111 001111100010 111110011111 000011000001 001001011101 
000000100110 001000000000 000111110000 111000111111 111100111101 000111101001 000000010000 111100001101 
001100010010 110111010000 111010010110 111011000110 110110011101 000000001110 111001000110 111001110111 
111010100001 000000001111 000000111111 111001101110 111011101101 111100000001 000101100000 110011010001 
111100110110 000001001000 110011110111 110000111100 000110011000 000001111100 000010010011 000010001010 
000001101010 000000001000 000110100110 110011000001 000101101101 000001010110 000011110001 001100111101 
110110110110 000101110011 111000000110 111001100010 111010111111 111100010110 000010001111 000001101001 
000011011110 010010001100 010001101100 001000111010 110010101101 001000101010 111100011001 000000001010 
110000011100 111001101010 000001111000 101010011001 110111000000 111001011101 111000101111 000011010101 
110111000011 111111011011 111101101110 001100000110 110011111010 111001100111 111100000100 000001000010 
000000100001 000110111100 001000111111 111010001101 111001100100 000010111001 111011111101 111110001101 
001000101101 000001111011 111100100011 001000001010 001011111000 111010110110 111001010101 111100111100 
001011010100 000001111000 111101010100 111011001011 111110101111 111001001010 000101001100 111111000100 
111010000001 000000010111 000111000100 000011100001 000100101001 111010110000 111000100000 111111110111 
111110001101 001101000010 000101100101 000111111001 111101110011 010001100010 001111001011 110111111011 
000011011100 000001001001 111010011100 111101110001 000101011111 000000000101 111000010100 001111010100 
001100100011 111011101000 101011010101 000110011010 111111000011 000000110110 001000011011 001100100011 
000101111110 111110000010 000011100111 110110010100 001110010001 111011110010 010100111010 110111111001 
111110010101 001001000010 000111100001 001110000101 111010000100 111001111100 010001000100 101101010101 
000011101000 111101001001 000001000110 001110111010 000111100010 000110100001 110110101011 001000000001 
111000011000 111110100001 111100010010 111100111101 001100000100 110111001111 101110001111 010001100110 
111000101010 000110010100 110110111000 000011000101 111010000101 001110010101 111110100001 111010100011 
111111000010 111010010001 111011010011 111110010001 001001101101 110110001111 000011011111 111011110110 
000010101010 000011001011 010000001011 110010100101 000011101000 111010010010 111000011000 111010101010 
000110001001 111111000110 110101111101 000001100110 000100011111 000001111101 110100110101 000110111111 
111011011010 001110110010 010001101110 000100011100 000101011010 000010101100 111011100110 111110011100 
000000001110 001010011100 000110101101 110010011010 000010110100 000000100100 111111011001 111111001000 
111101010110 111010010111 001000111010 111101000000 111110101010 111101010100 000000011001 000101000110 
111000100001 110111000011 000010100011 110011011101 101111110110 000011100010 110101110011 000101001011 
111011101100 000110111100 000111110100 000010101101 111000000010 111011110100 110101101000 000111010110 
110110100011 000001010110 111010110001 111100000101 111001111101 000011111101 000001100000 000001001001 
000111100111 111100110010 000110111011 111101110101 111101010110 000001111100 111100110100 111110010100 
001001010111 000001011110 111011000110 101100011011 111101101101 111111010110 110001110101 111000111101 
000101000101 000100000100 110101100111 000100001011 110101101100 001101101111 111010101100 111110101110 
110001101000 010011010111 001000001001 111100110111 001010011101 001100110110 000011001011 111110010111 
110101000101 000111000110 111001011101 111101011111 001101101110 111100001011 001000110001 111110010011 
111011001111 110111101100 000110101111 001100111100 000011100110 000000100100 000001100001 111011100011 
111111111011 111101000000 111001001101 111111010010 111110010000 010110101101 000100101111 000101001011 
000011011111 110100101011 111001000101 000011110000 110110000000 001011001111 110011110000 111101000111 
001011100000 111001010100 111001100001 000100001111 110100100010 000010111000 101111111000 000011110000 
001010011000 000010010000 111111101000 111011000011 000010101101 000000110101 000111111110 110110111110 
111110101111 111111100010 000000010100 110111110111 001000001011 000110111101 000110010101 000011101010 
110011100111 010111110000 111111101110 110010101110 000000111111 111010100011 000111000010 111000011010 
000101110011 111010000001 000011110111 110111101010 111101110001 000101101100 110100010101 111111100000 
110100100001 111000000111 111011101100 111010001100 000010010011 000001111101 000111011100 001001101111 
111011001000 111110000100 111111110100 101011110010 000001110110 111100100110 111000111001 111101011100 
001110101101 110110001100 010010011111 110110111100 000010010000 110110011110 111100000110 000001101000 
111001010101 110110000101 111010111110 000101010101 000010001011 111101011010 111010110101 110000111010 
001100001101 111100101000 001001101110 111111111111 001100001001 110111011110 001100110010 000101101010 
110011111111 111111101111 001000000011 111101010000 000101001001 111100000111 000001000110 111010001101 
000001010100 111111010101 111011001000 000000111010 110100110000 000000000000 111000001000 000001011001 
111011111110 000001110000 000011100110 111111000000 111110110011 111000111000 111010001011 110111001000 
110101010010 110010001010 111011011111 111000101010 111010110000 110110010011 000010100110 001100011010 
111010100000 111001010100 111101100110 000011100011 110011101000 110101100111 001011101011 000000111001 
000001100000 010000001101 000101001110 111001111000 110000111110 111110011001 110110100111 010010000100 
111010101101 110000110010 000001001010 110110000100 000001001000 111011101110 000110000100 111000001010 
111011100011 001000011101 111101110011 001010111001 000000110111 111011011011 110100010101 111000001101 
001100100001 000100010000 000001001000 000110000101 111001000111 111101001000 000111010010 111110100101 
110101101011 111110101000 001010010101 111011011111 001101110000 000100100110 000100001100 001010011110 
100111011001 000100000110 000000011000 111100001110 111111011001 000010100010 001001100011 110011100100 
000010110000 000001000100 000000001100 000010110001 111111110111 111100101111 110110010100 000001101111 
111001010101 001100001101 000100100101 111011011111 111000011001 001011011110 000101001101 000010000001 
000010001001 110001110011 000111101100 001000111001 000100100110 000001000101 110011001011 000001111001 
111011010000 000010010111 111010110111 111001101010 110001011011 001100010010 001011101110 001000010010 
000011011011 000010111011 000010001111 110011011100 110111101001 001011010101 111010010110 000001010000 
101110001110 000100110101 001000001011 000101111101 001111010011 111100101111 001000110001 110111110000 
000000000001 111111010000 000000000010 110111111111 001100010010 111101010000 000111101111 000011001100 
000000101010 000101000101 111100101100 000110000001 001111110110 000101111101 110010110100 111010101111 
111100100010 111010010110 001100110011 010000101000 000100011101 111100101111 111001111011 000000000111 
111101011001 000011000011 000100001011 001001010100 111111010111 010101010001 110110011111 110101100011 
111001100101 000110101001 000110101011 000101000110 000011101011 111100111011 111110001001 000110101110 
110100000011 111100111000 111010111111 000010101101 001111100010 111001001110 111011110111 110101101111 
000100110110 000000001111 111110000111 000100111111 111001100010 000000101101 111101010111 111011010011 
101110100111 110011111101 111011100110 001000000100 110110110010 000011101011 000010110111 111011101011 
000110011000 001000010011 001100110001 110101010111 111000101100 001111101011 000000011100 000110111110 
000100000110 000000010011 000000110101 001100011100 000011011010 000010111001 001000000010 110010110011 
000000000000 111000101101 111011011110 110100100000 000001001000 110110010111 110001010111 111111101001 
110011101110 111011000001 001001011010 001000111100 110110111011 111000000111 111100011010 000011001011 
101111100000 111011111001 111010100110 101110101110 111100000101 000101110010 000011000000 000000001010 
001111110111 000100111111 111101010100 111111111001 111001101101 111111111010 111110000110 001000001101 
000010110111 000110000010 111100110010 000101101101 000000011111 000100000010 000001001000 000011110010 
000111011101 000010111001 000100111011 111110010110 111111001011 111110100111 000000010000 110011001110 
111011001001 110111010111 000110100011 000100001110 000001001000 001010101100 000101010001 111111011111 
111001001011 010000001110 000010010111 001100011010 000101100111 110110110111 110110011000 000001000110 
001011111111 001101111101 111111010011 111010111011 000100101100 111101011000 001011111101 000100011100 
000100100111 000000001111 001001010111 111111111101 111011101010 111101101111 111100101101 111101001000 
000101011010 111111100101 001010010111 110001100111 000100110111 000011010100 111010100101 110100101011 
000001010010 111011000101 111110000110 000100111011 111000110010 000010110010 000111100101 110010001010 
111010110100 001001011101 111001111100 110111001000 111001001111 111011011011 111011100010 000001011011 
111111000000 101011101011 000010001110 111110011100 111110011100 111101100011 110110111110 000001100011 
000000100011 000111100111 111101001111 000000010010 001000111111 000010100110 111100101101 111010110111 
010010110001 000000101110 010001101100 000101111101 000101011010 111100000010 001000000000 110000111010 
111101010000 001101010101 111001110111 010101000101 111111110111 000010011100 000101011110 000000011101 
010001100011 111101010001 000011010101 110110010111 101011001010 000001001010 000000110101 111101111100 
111000110101 000101011111 111100111001 000101001110 001001001101 000000101100 000000000001 110110011010 
000010000000 001000000111 000111110110 000001000110 111001111111 110010011010 111101101100 111101110111 
110101110001 000000000011 111111111111 111000110111 111101110111 110101001001 111110111000 111100100001 
000101001011 110100010010 000011000101 001000111101 111111111101 111101111101 110110101001 000100101100 
111100101000 110001110100 111111011011 001001100100 111111000001 111111110000 101100100100 111111100011 
110111111111 001001001101 111101010000 000001000100 110110000100 000011011010 000111100101 111010101011 
000111101100 110110001000 001100110110 000111000111 001111100010 111110011111 000011000001 001001011101 
000000100110 001000000000 000111110000 111000111111 111100111101 000111101001 000000010000 111100001101 
001100010010 110111010000 111010010110 111011000110 110110011101 000000001110 111001000110 111001110111 
111010100001 000000001111 000000111111 111001101110 111011101101 111100000001 000101100000 110011010001 
111100110110 000001001000 110011110111 110000111100 000110011000 000001111100 000010010011 000010001010 
000001101010 000000001000 000110100110 110011000001 000101101101 000001010110 000011110001 001100111101 
110110110110 000101110011 111000000110 111001100010 111010111111 111100010110 000010001111 000001101001 
000011011110 010010001100 010001101100 001000111010 110010101101 001000101010 111100011001 000000001010 
110000011100 111001101010 000001111000 101010011001 110111000000 111001011101 111000101111 000011010101 
110111000011 111111011011 111101101110 001100000110 110011111010 111001100111 111100000100 000001000010 
000000100001 000110111100 001000111111 111010001101 111001100100 000010111001 111011111101 111110001101 
001000101101 000001111011 111100100011 001000001010 001011111000 111010110110 111001010101 111100111100 
001011010100 000001111000 111101010100 111011001011 111110101111 111001001010 000101001100 111111000100 
111010000001 000000010111 000111000100 000011100001 000100101001 111010110000 111000100000 111111110111 
111110001101 001101000010 000101100101 000111111001 111101110011 010001100010 001111001011 110111111011 
000011011100 000001001001 111010011100 111101110001 000101011111 000000000101 111000010100 001111010100 
001100100011 111011101000 101011010101 000110011010 111111000011 000000110110 001000011011 001100100011 
000101111110 111110000010 000011100111 110110010100 001110010001 111011110010 010100111010 110111111001 
111110010101 001001000010 000111100001 001110000101 111010000100 111001111100 010001000100 101101010101 
000011101000 111101001001 000001000110 001110111010 000111100010 000110100001 110110101011 001000000001 
111000011000 111110100001 111100010010 111100111101 001100000100 110111001111 101110001111 010001100110 
111000101010 000110010100 110110111000 000011000101 111010000101 001110010101 111110100001 111010100011 
111111000010 111010010001 111011010011 111110010001 001001101101 110110001111 000011011111 111011110110 
000010101010 000011001011 010000001011 110010100101 000011101000 111010010010 111000011000 111010101010 
000110001001 111111000110 110101111101 000001100110 000100011111 000001111101 110100110101 000110111111 
111011011010 001110110010 010001101110 000100011100 000101011010 000010101100 111011100110 111110011100 
000000001110 001010011100 000110101101 110010011010 000010110100 000000100100 111111011001 111111001000 
111101010110 111010010111 001000111010 111101000000 111110101010 111101010100 000000011001 000101000110 
111000100001 110111000011 000010100011 110011011101 101111110110 000011100010 110101110011 000101001011 
111011101100 000110111100 000111110100 000010101101 111000000010 111011110100 110101101000 000111010110 
110110100011 000001010110 111010110001 111100000101 111001111101 000011111101 000001100000 000001001001 
000111100111 111100110010 000110111011 111101110101 111101010110 000001111100 111100110100 111110010100 
001001010111 000001011110 111011000110 101100011011 111101101101 111111010110 110001110101 111000111101 
000101000101 000100000100 110101100111 000100001011 110101101100 001101101111 111010101100 111110101110 
110001101000 010011010111 001000001001 111100110111 001010011101 001100110110 000011001011 111110010111 
110101000101 000111000110 111001011101 111101011111 001101101110 111100001011 001000110001 111110010011 
111011001111 110111101100 000110101111 001100111100 000011100110 000000100100 000001100001 111011100011 
111111111011 111101000000 111001001101 111111010010 111110010000 010110101101 000100101111 000101001011 
000011011111 110100101011 111001000101 000011110000 110110000000 001011001111 110011110000 111101000111 
001011100000 111001010100 111001100001 000100001111 110100100010 000010111000 101111111000 000011110000 
001010011000 000010010000 111111101000 111011000011 000010101101 000000110101 000111111110 110110111110 
111110101111 111111100010 000000010100 110111110111 001000001011 000110111101 000110010101 000011101010 
110011100111 010111110000 111111101110 110010101110 000000111111 111010100011 000111000010 111000011010 
000101110011 111010000001 000011110111 110111101010 111101110001 000101101100 110100010101 111111100000 
110100100001 111000000111 111011101100 111010001100 000010010011 000001111101 000111011100 001001101111 
111011001000 111110000100 111111110100 101011110010 000001110110 111100100110 111000111001 111101011100 
001110101101 110110001100 010010011111 110110111100 000010010000 110110011110 111100000110 000001101000 
111001010101 110110000101 111010111110 000101010101 000010001011 111101011010 111010110101 110000111010 
001100001101 111100101000 001001101110 111111111111 001100001001 110111011110 001100110010 000101101010 
110011111111 111111101111 001000000011 111101010000 000101001001 111100000111 000001000110 111010001101 
000001010100 111111010101 111011001000 000000111010 110100110000 000000000000 111000001000 000001011001 
111011111110 000001110000 000011100110 111111000000 111110110011 111000111000 111010001011 110111001000 
110101010010 110010001010 111011011111 111000101010 111010110000 110110010011 000010100110 001100011010 
111010100000 111001010100 111101100110 000011100011 110011101000 110101100111 001011101011 000000111001 
000001100000 010000001101 000101001110 111001111000 110000111110 111110011001 110110100111 010010000100 
111010101101 110000110010 000001001010 110110000100 000001001000 111011101110 000110000100 111000001010 
111011100011 001000011101 111101110011 001010111001 000000110111 111011011011 110100010101 111000001101 
001100100001 000100010000 000001001000 000110000101 111001000111 111101001000 000111010010 111110100101 
110101101011 111110101000 001010010101 111011011111 001101110000 000100100110 000100001100 001010011110 
100111011001 000100000110 000000011000 111100001110 111111011001 000010100010 001001100011 110011100100 
000010110000 000001000100 000000001100 000010110001 111111110111 111100101111 110110010100 000001101111 
111001010101 001100001101 000100100101 111011011111 111000011001 001011011110 000101001101 000010000001 
000010001001 110001110011 000111101100 001000111001 000100100110 000001000101 110011001011 000001111001 
111011010000 000010010111 111010110111 111001101010 110001011011 001100010010 001011101110 001000010010 
000011011011 000010111011 000010001111 110011011100 110111101001 001011010101 111010010110 000001010000 
101110001110 000100110101 001000001011 000101111101 001111010011 111100101111 001000110001 110111110000 
000000000001 111111010000 000000000010 110111111111 001100010010 111101010000 000111101111 000011001100 
000000101010 000101000101 111100101100 000110000001 001111110110 000101111101 110010110100 111010101111 
111100100010 111010010110 001100110011 010000101000 000100011101 111100101111 111001111011 000000000111 
111101011001 000011000011 000100001011 001001010100 111111010111 010101010001 110110011111 110101100011 
111001100101 000110101001 000110101011 000101000110 000011101011 111100111011 111110001001 000110101110 
110100000011 111100111000 111010111111 000010101101 001111100010 111001001110 111011110111 110101101111 
000100110110 000000001111 111110000111 000100111111 111001100010 000000101101 111101010111 111011010011 
101110100111 110011111101 111011100110 001000000100 110110110010 000011101011 000010110111 111011101011 
000110011000 001000010011 001100110001 110101010111 111000101100 001111101011 000000011100 000110111110 
000100000110 000000010011 000000110101 001100011100 000011011010 000010111001 001000000010 110010110011 
000000000000 111000101101 111011011110 110100100000 000001001000 110110010111 110001010111 111111101001 
110011101110 111011000001 001001011010 001000111100 110110111011 111000000111 111100011010 000011001011 
101111100000 111011111001 111010100110 101110101110 111100000101 000101110010 000011000000 000000001010 
001111110111 000100111111 111101010100 111111111001 111001101101 111111111010 111110000110 001000001101 
000010110111 000110000010 111100110010 000101101101 000000011111 000100000010 000001001000 000011110010 
000111011101 000010111001 000100111011 111110010110 111111001011 111110100111 000000010000 110011001110 
111011001001 110111010111 000110100011 000100001110 000001001000 001010101100 000101010001 111111011111 
111001001011 010000001110 000010010111 001100011010 000101100111 110110110111 110110011000 000001000110 
001011111111 001101111101 111111010011 111010111011 000100101100 111101011000 001011111101 000100011100 
000100100111 000000001111 001001010111 111111111101 111011101010 111101101111 111100101101 111101001000 
000101011010 111111100101 001010010111 110001100111 000100110111 000011010100 111010100101 110100101011 
000001010010 111011000101 111110000110 000100111011 111000110010 000010110010 000111100101 110010001010 
