010000000000 000000000000 000000000000 000000000000 000000000000 000000000000 000000000000 000000000000 
000010000000 000010000000 000010000000 000010000000 000010000000 000010000000 000010000000 000010000000 
000110000000 111110000000 000110000000 111110000000 000110000000 111110000000 000110000000 111110000000 
111001110000 000011111101 000000101001 111101110011 111011000001 111010011001 111110101011 000101011011 
110111111110 111111000110 111110000000 111101001110 000011010110 001000010010 000100001000 111011111110 
000010001111 111010101111 000001101000 000000010110 111111100011 111011100101 000110001011 000000111010 
001001011000 111101111000 000011101011 111111011001 001111100100 001101000110 111011100110 000011000001 
001000011101 111011100101 111000101110 000111100001 110101110010 111010100111 000110001100 111111101011 
111100111011 000110011110 111001001011 001000011111 000011100011 001001011011 000011000111 001110000010 
000000001101 111110100101 111001011011 111011100011 111111010011 111111110100 001001001010 110101101100 
111110110001 000100010001 111111010100 111101110000 000010000001 111111101101 111011111011 000110010010 
110111010011 000001110110 110100100001 000011000001 000001111111 110011110011 000101111001 111111010000 
111111101101 000000100011 111101010010 000101001100 111111110000 000010010111 001000011100 111101001000 
111000100110 111101111011 001011010001 111101011110 111011010000 001001110011 111100100101 111000011010 
111110110101 111101011001 111010001000 111100111100 111010101001 000100001111 111010100000 000011011000 
001011000101 110111011101 000110000101 111110110110 001000011110 111111010111 111101100110 000010100000 
000010100111 000011000001 111011100110 111111010010 000000001011 000001010001 111111001100 000000000100 
111000101010 111110011110 001010010111 000011110101 000010011100 001010101011 111101010011 001000110110 
111001100001 000100001100 000001000011 000001111100 000100111000 111110010001 110110110101 111010011011 
111011111001 000010111100 000110110000 110000100001 000000110100 000100111011 111111110010 111110000110 
000100110100 000110011000 110101100111 110110110000 000100000101 111110011111 001000111010 000000010101 
111010011001 000011100010 111100011011 111111000110 111011101110 111000100111 111111010110 000000100111 
001010000011 000001011000 111101100111 000111101000 111000000110 000000011110 110110011100 000111010010 
110000101111 111111011100 110100010111 111011100110 000000010011 111000010000 000010000011 000110001010 
111010101111 000001011101 000010110100 000011010001 110111101001 000000001011 110101110011 111110010001 
000000010110 111101000011 110100011110 001001100010 111111001101 110111000111 000110000110 001001010010 
000011000110 000001010001 000001000111 000010100001 000010001010 111101010111 001110001111 111011101101 
000000011110 000100111101 000001110000 111110000000 000101110101 000011110101 000010000010 000101110010 
111111001101 111100101010 000000111110 111100000001 111111111100 111101111110 111110100111 111110101111 
001011110100 000000110100 111010001111 000011100011 111100100111 000011111001 111001011001 111000001010 
000010100001 000010000000 111110010101 001001001101 111011010110 101111001100 001100110010 000011100011 
000011101110 000101000110 000111001010 000111010010 111100000000 111111001000 000100110001 000010000000 
000101001101 111010111101 000000101011 000001111000 010001001100 111000100111 111101001100 000010010000 
000011110111 000000100001 111100110111 000111000010 000100101010 000001010111 110011000100 111011011000 
000111011001 111010001010 000100001111 000010011100 111010000101 000001010111 000101011101 111110001001 
111100110101 000000000001 000001011111 101100110110 111010101010 111111011101 001011011111 000000000000 
111110101000 110100101100 111010010101 000101101111 110101011110 111111011001 000100010111 000100110000 
111100100100 000010011000 000001011001 111001110001 000111001111 000000010101 000011100110 111000110110 
111110011001 001010000010 111011011101 111001100110 001001000010 111111111100 000011011011 111011011110 
111111110010 000000001001 001101001101 000001011101 111010111101 111110011110 000010101110 000001100110 
001000101000 110111010100 111011110010 111001011000 111110011101 111111011110 111101111111 000101110110 
000001011011 000111101101 111110101110 111110111110 000011001010 110111110000 111111101111 111110111111 
111111110010 000100110111 111011101010 111000111010 000010111001 000100100111 111101101100 111100010100 
110101000000 000011101111 111100101100 000010111011 111011011000 111111100100 111011010101 000010011110 
111111100000 001001100011 111100100001 000001111010 111001000110 111010010111 111110101000 111101110110 
111011110110 000010110101 111010101010 000111100001 111010100100 110101111011 111111011111 111100010101 
000000111010 000100111001 111100011100 111101110111 000011011110 001000111100 000100001011 111110100110 
110110100100 001000100011 000110001011 000001111110 000011011101 111110101100 000110111011 000010011101 
111111111101 111011101101 001000011001 001000011111 110101100110 000100100101 111100110110 000110101001 
001000101111 111000011001 111100110000 111001010010 111011000000 110111011101 111011101000 111110000010 
000001000011 110011101110 000011000000 110110100100 000001100000 111000111111 111101010010 000100000111 
000001111110 111011101011 000100010100 000101011000 000001100110 111111101111 110110111110 110110111000 
000101000110 110111100101 000111000111 000001001000 111001000000 000110101110 111001000001 000010010001 
111001110011 111101111000 000101111101 001001010101 111001011001 000111101111 000000011000 111110100100 
111011011010 000100100101 000100111110 001001010110 111001010100 000101101101 000110010111 000011010110 
000010011101 111001111001 111010101100 000010010010 000111111001 000010100000 001000000100 001000111111 
000011111010 110110110101 000100010011 111111101110 000010111001 111010000010 111011110111 000101111111 
111110001101 111110111001 111010001011 111011111010 111111011111 110001000101 111100110010 000110110000 
111100101011 111100000010 000100110001 000111011011 000001001111 111101111100 000000111100 000110101001 
111110000000 111101001010 111001101001 000000001100 111110111111 110110111010 000000001111 111101111110 
110110011001 000011100000 000110100010 111100100110 000100011101 111001010010 111011100111 111111111010 
000001001101 000111101111 000010011010 000000001100 001110100110 000010011000 111110110011 000010001011 
110110110010 111001000001 111110001110 111101000110 000001111010 001000010011 000100101010 111000110000 
001010001010 111110000010 111100011011 111100110011 001101010010 111111011010 000100100010 000101110101 
111101011011 111100001110 000011111001 110111100100 000011110000 111111101001 110100000111 111011011011 
111010110000 111100011001 000001010100 000110101010 111001111011 111111101011 000000000111 001001110110 
111010010101 001100000111 111101101100 111100010111 000001111101 000001110111 000000110101 110010110101 
110110111011 111110101100 111001110110 111010001010 000000001010 111101100111 111111001000 000100000101 
111010101101 000000100110 110011110001 000100100101 000001000000 111110100000 111110101010 000011001101 
000010001110 001111110001 111011011101 111010001111 110100111100 111111001100 111111111000 000111010110 
110111011101 000010001110 111100111101 111101111110 001010000110 000001111101 111101010111 110111011101 
111101011010 111110111110 000001000001 000011101111 111001111001 111011100111 000100001000 111100011000 
000101000010 000101001011 111101101101 000001111011 000010000000 000111111010 000000111011 000100011010 
000110110011 111010011011 111001111101 110011010011 000010001101 111101100000 000000100001 111100101110 
111001110011 111010011011 110011110101 111100110101 111110100110 111001101100 111010100111 110111000100 
111110111000 000000101110 000001111110 111011001111 111101101101 000101000011 000100000110 000001111000 
000100001101 000110011001 111000010000 111100101110 111001100110 000001001100 111011101111 111100101001 
111111110110 000000111011 000111000100 000011010101 000000111111 000011010101 111110111000 110101111111 
000000111110 111111110100 110111110110 000001010111 111000101011 000001111000 111011001101 000110110001 
111110101011 000111000011 000010110001 000011000010 111101001100 000000111100 111100100000 000000110001 
000011011101 111010100101 110100010001 111001101100 000011110011 110111111100 000010000010 110010101101 
000010111101 000101111110 000100011110 111110011111 000111000111 110110101111 111101110100 111000100100 
000010111110 111011101011 001011101011 111010110001 111101000011 000001111100 000100110110 111000011100 
000011111010 111011011110 000000101010 000000001100 111111111111 000010100001 111100011110 111001111001 
000011101011 111010000000 000000101101 000110010000 111000000100 000110001100 000000010110 110111100110 
000100011001 111101000001 000101011000 111000010001 111100101100 111110101100 110110110111 000001111100 
111010010001 110101000010 111111111111 111101010100 000010111111 111000010000 000110011001 111001111100 
111110110011 000010111110 000111010011 000000111111 111110001010 001000010001 111010001001 111111000110 
110111110101 110110011011 111011101100 001000000000 111010001000 111101110111 110111110010 111011100100 
001000001010 000101000110 111011101001 111111010101 111101111111 000011111001 111101010010 000101011000 
000100101110 110110011100 111110011111 111100111110 000011011111 001101010110 000000110110 111111111100 
110100010100 000111111110 000111001001 110100100100 000010101100 000110000110 000011000000 111100010000 
111011111100 000100001011 110111011010 111101010110 111100010011 000010000011 111011000001 111001001110 
110110011100 111100011101 111011000100 111000010110 111110001010 111110101100 111011111100 111111111011 
000100100001 001010000000 000000000000 000111100110 111110000000 111110110000 000111000110 000101110100 
000101001110 000100011010 000011011010 111100000110 111011011100 000101000101 111111010101 111100110011 
111111101111 000101000110 000000000011 111100111111 000110001100 001001100101 000000101100 111100101000 
000011011111 111100011101 110111001000 000010101100 000000100110 000010110101 000001000111 111000000100 
000011000011 111101100101 000010001110 111001110011 111000110000 111011000010 000000110100 000001001010 
001001101011 000100100001 000100011100 111000000110 000100010100 000010010101 111110010010 001000011000 
000000011000 111101100111 111100001001 000110100000 000010110101 111110000111 000000111101 000110110000 
111110001000 111110000011 111101011100 000001110011 001001100001 111110101101 000101001111 000001111111 
111101001100 110111111001 001000010000 000110111111 000010101101 000110101000 110001111101 000011000000 
111010000000 000100000000 000000000000 111110000000 111100000000 111010000000 111110000000 000110000000 
111000000000 000000000000 111110000000 111110000000 000100000000 001000000000 000100000000 111100000000 
000010000000 111010000000 000010000000 000000000000 000000000000 111100000000 000110000000 000000000000 
001010000000 111110000000 000100000000 000000000000 010000000000 001110000000 111100000000 000100000000 
001000000000 111100000000 111000000000 001000000000 110110000000 111010000000 000110000000 000000000000 
111100000000 000110000000 111010000000 001000000000 000100000000 001010000000 000100000000 001110000000 
000000000000 111110000000 111010000000 111100000000 000000000000 000000000000 001010000000 110110000000 
111110000000 000100000000 000000000000 111110000000 000010000000 000000000000 111100000000 000110000000 
111000000000 000010000000 110100000000 000100000000 000010000000 110100000000 000110000000 000000000000 
000000000000 000000000000 111110000000 000110000000 000000000000 000010000000 001000000000 111110000000 
111000000000 111110000000 001100000000 111110000000 111100000000 001010000000 111100000000 111000000000 
111110000000 111110000000 111010000000 111100000000 111010000000 000100000000 111010000000 000100000000 
001100000000 111000000000 000110000000 111110000000 001000000000 000000000000 111110000000 000010000000 
000010000000 000100000000 111100000000 000000000000 000000000000 000010000000 000000000000 000000000000 
111000000000 111110000000 001010000000 000100000000 000010000000 001010000000 111110000000 001000000000 
111010000000 000100000000 000010000000 000010000000 000100000000 111110000000 110110000000 111010000000 
111100000000 000010000000 000110000000 110000000000 000000000000 000100000000 000000000000 111110000000 
000100000000 000110000000 110110000000 110110000000 000100000000 111110000000 001000000000 000000000000 
111010000000 000100000000 111100000000 000000000000 111100000000 111000000000 000000000000 000000000000 
001010000000 000010000000 111110000000 001000000000 111000000000 000000000000 110110000000 001000000000 
110000000000 000000000000 110100000000 111100000000 000000000000 111000000000 000010000000 000110000000 
111010000000 000010000000 000010000000 000100000000 111000000000 000000000000 110110000000 111110000000 
000000000000 111110000000 110100000000 001010000000 000000000000 111000000000 000110000000 001010000000 
000100000000 000010000000 000010000000 000010000000 000010000000 111110000000 001110000000 111100000000 
000000000000 000100000000 000010000000 111110000000 000110000000 000100000000 000010000000 000110000000 
000000000000 111100000000 000000000000 111100000000 000000000000 111110000000 111110000000 111110000000 
001100000000 000000000000 111010000000 000100000000 111100000000 000100000000 111010000000 111000000000 
000010000000 000010000000 111110000000 001010000000 111100000000 110000000000 001100000000 000100000000 
000100000000 000110000000 001000000000 001000000000 111100000000 000000000000 000100000000 000010000000 
000110000000 111010000000 000000000000 000010000000 010010000000 111000000000 111110000000 000010000000 
000100000000 000000000000 111100000000 001000000000 000100000000 000010000000 110100000000 111100000000 
001000000000 111010000000 000100000000 000010000000 111010000000 000010000000 000110000000 111110000000 
111100000000 000000000000 000010000000 101100000000 111010000000 000000000000 001100000000 000000000000 
111110000000 110100000000 111010000000 000110000000 110110000000 000000000000 000100000000 000100000000 
111100000000 000010000000 000010000000 111010000000 001000000000 000000000000 000100000000 111000000000 
111110000000 001010000000 111100000000 111010000000 001010000000 000000000000 000100000000 111100000000 
000000000000 000000000000 001110000000 000010000000 111010000000 111110000000 000010000000 000010000000 
001000000000 111000000000 111100000000 111010000000 111110000000 000000000000 111110000000 000110000000 
000010000000 001000000000 111110000000 111110000000 000100000000 111000000000 000000000000 111110000000 
000000000000 000100000000 111100000000 111000000000 000010000000 000100000000 111110000000 111100000000 
110100000000 000100000000 111100000000 000010000000 111100000000 000000000000 111100000000 000010000000 
000000000000 001010000000 111100000000 000010000000 111010000000 111010000000 111110000000 111110000000 
111100000000 000010000000 111010000000 001000000000 111010000000 110110000000 000000000000 111100000000 
000000000000 000100000000 111100000000 111110000000 000100000000 001000000000 000100000000 111110000000 
110110000000 001000000000 000110000000 000010000000 000100000000 111110000000 000110000000 000010000000 
000000000000 111100000000 001000000000 001000000000 110110000000 000100000000 111100000000 000110000000 
001000000000 111000000000 111100000000 111010000000 111010000000 111000000000 111100000000 111110000000 
000010000000 110100000000 000100000000 110110000000 000010000000 111000000000 111110000000 000100000000 
000010000000 111100000000 000100000000 000110000000 000010000000 000000000000 110110000000 110110000000 
000110000000 111000000000 001000000000 000010000000 111000000000 000110000000 111010000000 000010000000 
111010000000 111110000000 000110000000 001010000000 111010000000 001000000000 000000000000 111110000000 
111100000000 000100000000 000100000000 001010000000 111010000000 000110000000 000110000000 000100000000 
000010000000 111010000000 111010000000 000010000000 001000000000 000010000000 001000000000 001000000000 
000100000000 110110000000 000100000000 000000000000 000010000000 111010000000 111100000000 000110000000 
111110000000 111110000000 111010000000 111100000000 000000000000 110010000000 111100000000 000110000000 
111100000000 111100000000 000100000000 001000000000 000010000000 111110000000 000000000000 000110000000 
111110000000 111110000000 111010000000 000000000000 111110000000 110110000000 000000000000 111110000000 
110110000000 000100000000 000110000000 111100000000 000100000000 111010000000 111100000000 000000000000 
000010000000 001000000000 000010000000 000000000000 001110000000 000010000000 111110000000 000010000000 
110110000000 111010000000 111110000000 111110000000 000010000000 001000000000 000100000000 111000000000 
001010000000 111110000000 111100000000 111100000000 001110000000 000000000000 000100000000 000110000000 
111110000000 111100000000 000100000000 111000000000 000100000000 000000000000 110100000000 111100000000 
111010000000 111100000000 000010000000 000110000000 111010000000 000000000000 000000000000 001010000000 
111010000000 001100000000 111110000000 111100000000 000010000000 000010000000 000000000000 110010000000 
110110000000 111110000000 111010000000 111010000000 000000000000 111110000000 000000000000 000100000000 
111010000000 000000000000 110100000000 000100000000 000010000000 111110000000 111110000000 000100000000 
000010000000 010000000000 111100000000 111010000000 110100000000 000000000000 000000000000 001000000000 
111000000000 000010000000 111100000000 111110000000 001010000000 000010000000 111110000000 111000000000 
111110000000 111110000000 000010000000 000100000000 111010000000 111100000000 000100000000 111100000000 
000110000000 000110000000 111110000000 000010000000 000010000000 001000000000 000000000000 000100000000 
000110000000 111010000000 111010000000 110100000000 000010000000 111110000000 000000000000 111100000000 
111010000000 111010000000 110100000000 111100000000 111110000000 111010000000 111010000000 111000000000 
111110000000 000000000000 000010000000 111100000000 111110000000 000110000000 000100000000 000010000000 
000100000000 000110000000 111000000000 111100000000 111010000000 000010000000 111100000000 111100000000 
000000000000 000000000000 001000000000 000100000000 000000000000 000100000000 111110000000 110110000000 
000000000000 000000000000 111000000000 000010000000 111000000000 000010000000 111100000000 000110000000 
111110000000 001000000000 000010000000 000100000000 111110000000 000000000000 111100000000 000000000000 
000100000000 111010000000 110100000000 111010000000 000100000000 111000000000 000010000000 110010000000 
000010000000 000110000000 000100000000 111110000000 001000000000 110110000000 111110000000 111000000000 
000010000000 111100000000 001100000000 111010000000 111110000000 000010000000 000100000000 111000000000 
000100000000 111100000000 000000000000 000000000000 000000000000 000010000000 111100000000 111010000000 
000100000000 111010000000 000000000000 000110000000 111000000000 000110000000 000000000000 111000000000 
000100000000 111110000000 000110000000 111000000000 111100000000 111110000000 110110000000 000010000000 
111010000000 110110000000 000000000000 111110000000 000010000000 111000000000 000110000000 111010000000 
111110000000 000010000000 001000000000 000000000000 111110000000 001000000000 111010000000 000000000000 
111000000000 110110000000 111100000000 001000000000 111010000000 111110000000 111000000000 111100000000 
001000000000 000110000000 111100000000 000000000000 111110000000 000100000000 111110000000 000110000000 
000100000000 110110000000 111110000000 111100000000 000100000000 001110000000 000000000000 000000000000 
110100000000 001000000000 001000000000 110100000000 000010000000 000110000000 000100000000 111100000000 
111100000000 000100000000 111000000000 111110000000 111100000000 000010000000 111100000000 111010000000 
110110000000 111100000000 111100000000 111000000000 111110000000 111110000000 111100000000 000000000000 
000100000000 001010000000 000000000000 001000000000 111110000000 111110000000 001000000000 000110000000 
000110000000 000100000000 000100000000 111100000000 111100000000 000110000000 000000000000 111100000000 
000000000000 000110000000 000000000000 111100000000 000110000000 001010000000 000000000000 111100000000 
000100000000 111100000000 111000000000 000010000000 000000000000 000010000000 000010000000 111000000000 
000100000000 111110000000 000010000000 111010000000 111000000000 111100000000 000000000000 000010000000 
001010000000 000100000000 000100000000 111000000000 000100000000 000010000000 111110000000 001000000000 
000000000000 111110000000 111100000000 000110000000 000010000000 111110000000 000000000000 000110000000 
111110000000 111110000000 111110000000 000010000000 001010000000 111110000000 000110000000 000010000000 
111110000000 111000000000 001000000000 000110000000 000010000000 000110000000 110010000000 000100000000 
