000000000000 000000000000 000000000000 000000000000 000000000000 000000000000 000000000000 000000000000 
000000000000 000000000000 000000000000 000000000000 000000000000 000000000000 000000000000 000000000000 
000000000000 000000000000 000000000000 000000000000 000000000000 000000000000 000000000000 000000000000 
111110011011 000100101100 111001001100 000110011010 110011111011 000111000000 111110000100 000001010101 
111011001001 111001011000 000100010010 000000111000 110111000001 000000011000 110110000110 000101000111 
111010101101 111110001101 111001010111 111110111111 000010011110 111011011100 000100010100 000011101111 
110110000000 111110001001 000001010010 110111111100 000111100011 001101010110 111000101110 000011011010 
110100110010 110101001000 110011110101 001000011100 111110111111 110100101110 000100110101 111100010110 
111100000010 000100011000 111101111110 000101000101 000000010100 000001001001 000100100101 010100010100 
111110011111 000000000000 000110110101 000110000011 111101011011 110011000100 111001101100 001100011110 
000000111000 111111000101 000000110010 000001010101 000101101111 000111100001 000000110110 111110011111 
110110111100 111100001110 111001100000 001000000000 001110011011 101010000001 000110000111 000001000000 
111010000011 111010001000 000101100110 010000000011 110110000000 000000011111 000100111111 000000111000 
000101001110 001101110011 000111001010 110110001011 001101011001 001001101100 110101010011 000011111100 
001110011010 111000010101 111001100010 000101011110 001010101110 001110100000 111000001101 000010001000 
000011000011 000100100000 110010010101 110111110110 110010001001 001000100000 111100111000 000100001011 
000001000000 110111101000 000111110101 111101001111 000001110111 111000111101 000010111001 111010100001 
111001101000 110110011010 000011011010 111010001100 000101101100 010011011011 000110111011 110101100010 
110000001101 001101010100 000000111101 110100011101 000101111001 110101001011 111010110111 111001100101 
101110101010 111110110000 001110011000 110100010001 000010111110 000110010000 110101001000 000010110010 
110111000001 101000010000 000010101011 001001000111 000110011110 110111000010 110100111010 111100101111 
011000111010 000011110000 110101100000 000001010001 000000011100 110111101100 111001000011 111111111111 
000101110010 110101001011 111000010011 000110111111 000110110011 001101010001 000101010111 101101000111 
111001001001 000001010001 110101110110 000100011110 110011110010 111001001010 111111111010 010001010101 
111001011010 001010110100 111000111100 000000110010 000011101001 001001010110 111000110101 111001010101 
000100010001 111110000000 101111101110 011000000010 000001010101 000010000001 001110011000 001011001111 
111110110000 111100000011 000100100110 010000000101 000001000110 111011010111 000100001011 000001100101 
000001000010 111011101000 111011101001 111101011110 111110101001 000001111001 110110101001 000000100111 
000110101010 111001011011 110110110111 000000101001 111111000000 000101111000 110111000000 111001111011 
000101010100 000100101001 000111111011 001100101011 000001001001 000111101010 111110111011 111101111100 
010000010010 001100111110 110011111010 010001101110 110101111001 110001111101 001111011110 001010001000 
000111111101 001000100001 111100100001 000011010101 110110111010 111101110001 000001100101 111110001100 
000000101001 111101110111 111010011101 000000110010 000000111001 000010111000 001011000010 111001000000 
110000100100 000000100011 110001001010 111100111000 000010111100 111111000010 110001101100 101111001000 
000011101000 000011011101 111100100010 111100111111 000110011010 111101110110 000001100110 000110101111 
000001010110 111111100010 000111110001 111011000000 110110000101 111110001001 110101001001 010110101100 
110101001001 111101001111 110000001111 000101011111 001110010000 000010010110 000110101001 001110001001 
000110111100 001010011110 001001111111 111000111001 010011101010 110100100101 111001111001 001010100011 
000100100001 101100110010 001110100100 000011110010 000001010111 110110000000 111001101010 101110111011 
111101000011 000100111000 000111110100 000011011011 111111101111 001100110110 001100010000 111001010011 
110111010101 110001010000 111000011000 111110001111 111111100000 001010100111 000000110100 000010000010 
000010010101 010010000110 001000000010 000111100101 001001111111 111011010011 000110100010 000111110101 
000011011011 000100100110 001100001100 000011101100 000110111110 000011111000 110111111100 001000110110 
001111000110 111101001100 111101011100 111010111010 110110011010 111000111111 111111100010 111000100011 
000001011010 000110000011 111011010001 001110110000 001110100010 111111000001 110111000111 111010100011 
110011000111 000100001000 111110100001 000001101000 111010001011 101011110000 001001100111 110111111010 
000000011010 000011011011 001101000110 111110100000 111110001010 111010001010 111011101101 001110100100 
111100001101 000010000111 000110111111 000110010101 001101100110 111110111101 000100001100 111100001111 
000011110111 111111001111 000000001000 110001111110 111110100111 000010011111 001110111110 111000101100 
000011100001 111000110001 111001111010 110101100101 110111101111 111001011010 000001010111 111010010110 
000001001000 111011110111 110001000011 110100100111 111110111010 000111101010 111111000001 000011011110 
001001110100 010000011011 000110101110 111111111110 111111101010 000101111011 000111100011 111011101110 
111011101001 111101111010 111011111100 101110001001 000101011111 000111110000 000001000010 111011010100 
000011000101 111111100100 111011001110 110111110100 000011110001 111100101111 111101100000 111001010110 
000101001100 000000010110 000100001010 000010110011 000111110101 111101111101 000110100011 111110010001 
111111010100 111011110100 110001101110 111011011101 111101100100 111000111011 000000100110 010100000001 
110110011011 111111000111 111110011010 110011010110 001000100101 000010011101 010011010000 111101010111 
110100001011 000101001011 110101011110 000101111100 111001101100 000001001110 001000001001 000101101100 
001001111111 111100001101 111010101001 111101001011 000100100001 000001110100 001110101111 111001001100 
000000101001 111110011111 110011101011 001110000010 111110011011 000001011100 111101110001 111111000101 
000101001111 001010001101 001011100010 111010111000 110011001111 000000111010 001011010000 111010011001 
110101110000 000001011011 000100000010 111101011111 111011111110 111110101110 111100010010 111011011011 
110010110110 110001110101 000010111110 001001100010 110111111111 001010110101 110111100000 000000000001 
111011010111 111001001011 111010001100 111111011111 000011101011 111110101111 111111010111 001000101010 
111110000101 000011010111 000110001001 110011001101 000111010111 001000001010 111101010010 111000110000 
000001111100 111011110010 111011001111 111110111000 001010111010 000100101010 001111101011 111111001010 
000001000111 111101011000 001010000000 000001010001 000001000110 110000001010 101011001101 110010100001 
000000010110 110111001100 111101110011 000000001011 110010001010 000001001010 111111101111 000010101110 
000000000100 111111000010 111010010011 001000101000 111100000011 111011010001 000011000000 000111011101 
001000000001 110100101011 000100111111 000010001011 111100011110 111011010011 110111100111 110110101001 
000101001010 001100111101 001110111110 000110011010 001000101100 000001001100 000000001110 001000100100 
000100111010 000010011000 000001100001 000011001111 111001010000 111000100100 000111000100 111101111010 
111111111010 111111001101 111101001010 111100110010 000010010101 111101001111 110110011010 000110001000 
000110100000 110101000100 111011100100 000010000101 111010100001 000100011000 110011101001 000100011110 
101000000110 000000000001 111101111011 001001101000 111110011100 111110001111 111101101110 000010001110 
001001110111 110111001111 111101011001 000010010111 110110001010 001000000000 110100110000 000001000111 
000011111010 101110010011 001011101110 111111101000 111000011100 111000011001 111101011111 101110000100 
111110110011 001010111111 000100001000 000100010100 001101110011 000100101111 111001001100 111011000011 
111011010010 000011110011 000010110100 111100110010 000010110011 111110101110 001001010000 001100011110 
111001101011 000001101111 111101110001 000011011001 001011000001 000011101111 111001100110 110101100100 
110100000100 111111101110 000110110010 001110100001 000111001001 111001111101 000000101001 000110101100 
111100011010 001101010000 000101110010 001011111000 111111111001 000011100011 000000000111 110111101000 
110111101000 111000101111 010000011010 110111011010 111000101001 000001000001 000101111111 110100101110 
101111011001 000100101110 111101001101 111111011100 000100010110 000100001001 111001010011 000001000100 
000011000011 000010100100 000101110111 001010110011 111100101000 001001011100 000011100001 000000011101 
111111000000 111110100100 000001110001 110000011000 111110000000 000110111001 000000010010 111000000011 
111101011111 111010010100 110111000001 111111110111 000100110101 111001010110 000000111111 000000100101 
001010111000 000010010010 000111100001 110111001111 111110100010 000110110100 111100010111 110111100001 
001011110000 111111110001 110101100101 000111100000 001000000110 000111111000 000100111000 111000010110 
001001110100 000010001010 000010101011 111011110110 111011100001 111101101000 111110011001 000111001101 
111011001001 111110110010 000110101010 110110101011 110011111001 000110101000 111111110001 010011011100 
101111110011 111110011101 001000101101 111010100101 110111010111 000010110110 101011011101 111110011011 
111000101110 000001110100 000010001001 000010100101 111110000001 111010100011 110010100000 000001000000 
001000010111 000010110010 000111110110 110110000011 111110000101 111100000111 000100111101 001010100101 
000101000011 001001000101 111001011011 001010110001 111111000101 111010011110 111110000101 000110111110 
111010001000 111100101111 001101001110 111101101011 111111010000 000010101111 111100100111 111001101010 
001011001100 111111110100 010001100111 111001101000 000101111111 111011111010 111100100100 000011011000 
000110101000 001011001010 000000001001 001101011011 111111111000 000000011100 111011101000 010010001000 
000010010000 110111100010 111000101000 110111010101 000000010100 111100001001 111010111110 111001100010 
111100101000 111011001010 111100010000 111010110100 111100001111 001010111100 110101110111 111110111101 
110000001101 111000001000 111101101000 001011100100 111011000000 000111010001 001111001010 111101011110 
010010001001 110101011110 000100111101 000111000101 111101000000 111111111000 001011111111 111101110101 
000000110010 001011000010 111000101011 110111101110 111110001101 010101101000 000100001010 111100010101 
111110011011 000100101100 111001001100 000110011010 110011111011 000111000000 111110000100 000001010101 
111011001001 111001011000 000100010010 000000111000 110111000001 000000011000 110110000110 000101000111 
111010101101 111110001101 111001010111 111110111111 000010011110 111011011100 000100010100 000011101111 
110110000000 111110001001 000001010010 110111111100 000111100011 001101010110 111000101110 000011011010 
110100110010 110101001000 110011110101 001000011100 111110111111 110100101110 000100110101 111100010110 
111100000010 000100011000 111101111110 000101000101 000000010100 000001001001 000100100101 010100010100 
111110011111 000000000000 000110110101 000110000011 111101011011 110011000100 111001101100 001100011110 
000000111000 111111000101 000000110010 000001010101 000101101111 000111100001 000000110110 111110011111 
110110111100 111100001110 111001100000 001000000000 001110011011 101010000001 000110000111 000001000000 
111010000011 111010001000 000101100110 010000000011 110110000000 000000011111 000100111111 000000111000 
000101001110 001101110011 000111001010 110110001011 001101011001 001001101100 110101010011 000011111100 
001110011010 111000010101 111001100010 000101011110 001010101110 001110100000 111000001101 000010001000 
000011000011 000100100000 110010010101 110111110110 110010001001 001000100000 111100111000 000100001011 
000001000000 110111101000 000111110101 111101001111 000001110111 111000111101 000010111001 111010100001 
111001101000 110110011010 000011011010 111010001100 000101101100 010011011011 000110111011 110101100010 
110000001101 001101010100 000000111101 110100011101 000101111001 110101001011 111010110111 111001100101 
101110101010 111110110000 001110011000 110100010001 000010111110 000110010000 110101001000 000010110010 
110111000001 101000010000 000010101011 001001000111 000110011110 110111000010 110100111010 111100101111 
011000111010 000011110000 110101100000 000001010001 000000011100 110111101100 111001000011 111111111111 
000101110010 110101001011 111000010011 000110111111 000110110011 001101010001 000101010111 101101000111 
111001001001 000001010001 110101110110 000100011110 110011110010 111001001010 111111111010 010001010101 
111001011010 001010110100 111000111100 000000110010 000011101001 001001010110 111000110101 111001010101 
000100010001 111110000000 101111101110 011000000010 000001010101 000010000001 001110011000 001011001111 
111110110000 111100000011 000100100110 010000000101 000001000110 111011010111 000100001011 000001100101 
000001000010 111011101000 111011101001 111101011110 111110101001 000001111001 110110101001 000000100111 
000110101010 111001011011 110110110111 000000101001 111111000000 000101111000 110111000000 111001111011 
000101010100 000100101001 000111111011 001100101011 000001001001 000111101010 111110111011 111101111100 
010000010010 001100111110 110011111010 010001101110 110101111001 110001111101 001111011110 001010001000 
000111111101 001000100001 111100100001 000011010101 110110111010 111101110001 000001100101 111110001100 
000000101001 111101110111 111010011101 000000110010 000000111001 000010111000 001011000010 111001000000 
110000100100 000000100011 110001001010 111100111000 000010111100 111111000010 110001101100 101111001000 
000011101000 000011011101 111100100010 111100111111 000110011010 111101110110 000001100110 000110101111 
000001010110 111111100010 000111110001 111011000000 110110000101 111110001001 110101001001 010110101100 
110101001001 111101001111 110000001111 000101011111 001110010000 000010010110 000110101001 001110001001 
000110111100 001010011110 001001111111 111000111001 010011101010 110100100101 111001111001 001010100011 
000100100001 101100110010 001110100100 000011110010 000001010111 110110000000 111001101010 101110111011 
111101000011 000100111000 000111110100 000011011011 111111101111 001100110110 001100010000 111001010011 
110111010101 110001010000 111000011000 111110001111 111111100000 001010100111 000000110100 000010000010 
000010010101 010010000110 001000000010 000111100101 001001111111 111011010011 000110100010 000111110101 
000011011011 000100100110 001100001100 000011101100 000110111110 000011111000 110111111100 001000110110 
001111000110 111101001100 111101011100 111010111010 110110011010 111000111111 111111100010 111000100011 
000001011010 000110000011 111011010001 001110110000 001110100010 111111000001 110111000111 111010100011 
110011000111 000100001000 111110100001 000001101000 111010001011 101011110000 001001100111 110111111010 
000000011010 000011011011 001101000110 111110100000 111110001010 111010001010 111011101101 001110100100 
111100001101 000010000111 000110111111 000110010101 001101100110 111110111101 000100001100 111100001111 
000011110111 111111001111 000000001000 110001111110 111110100111 000010011111 001110111110 111000101100 
000011100001 111000110001 111001111010 110101100101 110111101111 111001011010 000001010111 111010010110 
000001001000 111011110111 110001000011 110100100111 111110111010 000111101010 111111000001 000011011110 
001001110100 010000011011 000110101110 111111111110 111111101010 000101111011 000111100011 111011101110 
111011101001 111101111010 111011111100 101110001001 000101011111 000111110000 000001000010 111011010100 
000011000101 111111100100 111011001110 110111110100 000011110001 111100101111 111101100000 111001010110 
000101001100 000000010110 000100001010 000010110011 000111110101 111101111101 000110100011 111110010001 
111111010100 111011110100 110001101110 111011011101 111101100100 111000111011 000000100110 010100000001 
110110011011 111111000111 111110011010 110011010110 001000100101 000010011101 010011010000 111101010111 
110100001011 000101001011 110101011110 000101111100 111001101100 000001001110 001000001001 000101101100 
001001111111 111100001101 111010101001 111101001011 000100100001 000001110100 001110101111 111001001100 
000000101001 111110011111 110011101011 001110000010 111110011011 000001011100 111101110001 111111000101 
000101001111 001010001101 001011100010 111010111000 110011001111 000000111010 001011010000 111010011001 
110101110000 000001011011 000100000010 111101011111 111011111110 111110101110 111100010010 111011011011 
110010110110 110001110101 000010111110 001001100010 110111111111 001010110101 110111100000 000000000001 
111011010111 111001001011 111010001100 111111011111 000011101011 111110101111 111111010111 001000101010 
111110000101 000011010111 000110001001 110011001101 000111010111 001000001010 111101010010 111000110000 
000001111100 111011110010 111011001111 111110111000 001010111010 000100101010 001111101011 111111001010 
000001000111 111101011000 001010000000 000001010001 000001000110 110000001010 101011001101 110010100001 
000000010110 110111001100 111101110011 000000001011 110010001010 000001001010 111111101111 000010101110 
000000000100 111111000010 111010010011 001000101000 111100000011 111011010001 000011000000 000111011101 
001000000001 110100101011 000100111111 000010001011 111100011110 111011010011 110111100111 110110101001 
000101001010 001100111101 001110111110 000110011010 001000101100 000001001100 000000001110 001000100100 
000100111010 000010011000 000001100001 000011001111 111001010000 111000100100 000111000100 111101111010 
111111111010 111111001101 111101001010 111100110010 000010010101 111101001111 110110011010 000110001000 
000110100000 110101000100 111011100100 000010000101 111010100001 000100011000 110011101001 000100011110 
101000000110 000000000001 111101111011 001001101000 111110011100 111110001111 111101101110 000010001110 
001001110111 110111001111 111101011001 000010010111 110110001010 001000000000 110100110000 000001000111 
000011111010 101110010011 001011101110 111111101000 111000011100 111000011001 111101011111 101110000100 
111110110011 001010111111 000100001000 000100010100 001101110011 000100101111 111001001100 111011000011 
111011010010 000011110011 000010110100 111100110010 000010110011 111110101110 001001010000 001100011110 
111001101011 000001101111 111101110001 000011011001 001011000001 000011101111 111001100110 110101100100 
110100000100 111111101110 000110110010 001110100001 000111001001 111001111101 000000101001 000110101100 
111100011010 001101010000 000101110010 001011111000 111111111001 000011100011 000000000111 110111101000 
110111101000 111000101111 010000011010 110111011010 111000101001 000001000001 000101111111 110100101110 
101111011001 000100101110 111101001101 111111011100 000100010110 000100001001 111001010011 000001000100 
000011000011 000010100100 000101110111 001010110011 111100101000 001001011100 000011100001 000000011101 
111111000000 111110100100 000001110001 110000011000 111110000000 000110111001 000000010010 111000000011 
111101011111 111010010100 110111000001 111111110111 000100110101 111001010110 000000111111 000000100101 
001010111000 000010010010 000111100001 110111001111 111110100010 000110110100 111100010111 110111100001 
001011110000 111111110001 110101100101 000111100000 001000000110 000111111000 000100111000 111000010110 
001001110100 000010001010 000010101011 111011110110 111011100001 111101101000 111110011001 000111001101 
111011001001 111110110010 000110101010 110110101011 110011111001 000110101000 111111110001 010011011100 
101111110011 111110011101 001000101101 111010100101 110111010111 000010110110 101011011101 111110011011 
111000101110 000001110100 000010001001 000010100101 111110000001 111010100011 110010100000 000001000000 
001000010111 000010110010 000111110110 110110000011 111110000101 111100000111 000100111101 001010100101 
000101000011 001001000101 111001011011 001010110001 111111000101 111010011110 111110000101 000110111110 
111010001000 111100101111 001101001110 111101101011 111111010000 000010101111 111100100111 111001101010 
001011001100 111111110100 010001100111 111001101000 000101111111 111011111010 111100100100 000011011000 
000110101000 001011001010 000000001001 001101011011 111111111000 000000011100 111011101000 010010001000 
000010010000 110111100010 111000101000 110111010101 000000010100 111100001001 111010111110 111001100010 
111100101000 111011001010 111100010000 111010110100 111100001111 001010111100 110101110111 111110111101 
110000001101 111000001000 111101101000 001011100100 111011000000 000111010001 001111001010 111101011110 
010010001001 110101011110 000100111101 000111000101 111101000000 111111111000 001011111111 111101110101 
000000110010 001011000010 111000101011 110111101110 111110001101 010101101000 000100001010 111100010101 
