000000000000 000000000000 000000000000 000000000000 000000000000 000000000000 000000000000 000000000000 
000000000000 000000000000 000000000000 000000000000 000000000000 000000000000 000000000000 000000000000 
000000000000 111100000000 000000000000 000100000000 000000000000 111100000000 000000000000 000100000000 
111111010001 000001000100 111011101101 000010111000 110101100011 000100111111 000001111000 000001100101 
111011000101 000001011100 000011101001 001000000011 111011001101 111011000000 111000010001 111111101001 
111101110101 111101011011 111100000111 111011000001 111111101000 111110011100 000011101001 000001011000 
111111100111 110011111111 111111011011 111010001001 111100001100 111110011001 000010010111 000001111011 
110110110010 111000101101 000000001110 110111000011 111111011110 000111111111 111101010101 111110000011 
000111011110 000011100101 111011111011 111110010100 111000000000 111001000010 000000111111 000000110011 
000000100001 000001000000 111100001110 111000100110 111101101110 000001000110 000001100000 000110011000 
000011101100 110101110110 000010010111 111110111010 000000011101 000010101001 000000001001 000011101111 
111101000100 111010100011 000001011111 110111001001 000101011100 111001001001 000001011001 111101101011 
000001100100 111011000011 000000001110 001000111001 111011110010 000000110001 110010100001 111111010111 
001000001100 111101000110 001011011100 000000001101 111111011000 110101011000 111111101010 000101001001 
000110010101 111100110110 000101101000 000000101100 111111000111 001010001011 001110000100 111011111111 
111011011000 000101001001 001000100000 000111000110 110110110111 111110011010 111010100001 000110010001 
111101100000 111101101101 110111011011 000010111000 001001010100 111110000111 000100101001 000000011100 
000000110100 111000000110 111100101000 000100101000 000100000010 000001010000 111101111000 110101111110 
111000101001 111110111111 111010110000 110010011010 000000010111 111000011011 000010011001 000000100000 
111100010011 000010111101 110111100011 111001010001 111110010001 111010000111 111111100010 110101010111 
110110100100 111011011100 000001000111 000110011100 000011111111 111011011100 000001110110 110011010000 
000001001010 001010010101 001000111101 000001011100 000010110011 000110111111 001100011100 000101101110 
000000001110 101110010111 111111010010 001010101010 000100111011 000110011111 001000001011 111111011110 
111100101111 000111001010 111100011101 000100010010 110100100111 110110111110 111111001001 000010111110 
111111010010 111000111111 000111110110 111011111011 111000001001 000001000100 111101110100 111111110010 
001001110001 111010100000 111101100010 000110111101 111000000111 000000011101 000110001111 000001000010 
000100011100 111000111100 111111110110 111111011011 111111111000 000100010010 111011101100 000001000001 
111011011010 000001001010 000011001010 111110010101 111101100110 000011111110 000011100011 111110111011 
111011010111 111001010000 001000000001 000111010011 111110011010 000011010011 000011111000 000011110100 
001001000101 111110010001 111000001110 111111110000 111101100111 001000100111 000111100101 111101100010 
001001000110 001100011010 000011101011 000110100111 111011101101 111111101110 111101110000 000111101001 
000001001110 001110100010 000101110100 111110000001 111101010011 001000100011 111010100100 111011111110 
000000011010 000001111000 111100001000 111101110001 000011001001 000110101001 000001111011 111001011110 
110000011111 110011001011 000010010010 110010101110 111010101100 001000011010 000110000011 111111010101 
000011010100 111111110111 000111110011 111111101000 000000110010 111001100011 111110001011 000100001100 
000000111100 000110110011 000100110101 000011100011 111001010000 110111110100 111000011100 001001000110 
000011011001 111100001100 111101011000 110111000110 111001110001 111011000110 001000111000 111000100010 
001000010001 000100101110 001000000101 110010101001 000111000000 111001000001 000011010010 000010111010 
111000111010 110101011000 111011011000 001011111010 001110001010 000000010011 000011011111 000001100101 
000111110110 111101010100 111100000101 000100010001 000000100111 000000110010 111000010100 111010111101 
111011000011 110001011011 111011110001 000100000111 111100111110 111111011100 000011000100 000010111000 
001101111100 000000110101 111001000101 111100010110 111111100001 110111101100 000101110100 000011011111 
001000111001 111111111111 000100001011 000010001010 111110011001 111010000000 111110111110 000000010101 
111011000010 001000101001 000001101010 001110011000 000110001101 111101010101 000010101000 000100010110 
000100001100 110100101101 001001001110 000010011100 111100111111 111011101001 000101100100 000000000110 
110111101110 000011110111 110111010010 111011010101 000011000001 111011111110 111011010100 111101110010 
000100100001 000011100000 111100110011 111111100111 111111001100 111000100100 111110000101 000110100101 
000110001011 111001111101 111000110100 000001000010 000100010101 111000101111 000110100001 111010111010 
111111100000 000011111100 111001001000 000000001011 001001010011 000001001110 000000100101 111111111011 
110110001011 000001100011 110110110001 000010100100 000101000111 000001110111 001001010000 000101110100 
111010111100 000011001001 000010001000 111010011010 111101001000 000101101000 000101110111 111111000011 
001010011101 000000110110 000010110111 000001001111 000001011011 000001101000 111010101111 000110011101 
111011010100 000110100110 111101001111 111111101010 000011110000 111010010000 000100110111 110101101010 
111011010001 000010000101 000011110010 000011001110 000100100010 111010111010 000011010100 111111000111 
000101110011 111110001001 000011100010 000011101111 000110000110 111011101101 111101101000 111111110001 
111100110111 000110011010 111110011000 111000100010 111010101111 111110101001 000110111010 000100001011 
000000110000 000001100011 111000100111 111100001011 000111100110 111000011001 111110000110 110111101111 
111111011001 111100111101 110010010001 110111111111 110110011000 000011111101 000101110111 000001100111 
000011000110 111111001111 111111001001 001010011001 001000111001 111011101111 000011011011 000000000111 
111111011010 000100110101 000101111000 000101010001 111000111000 000010001010 000000111101 110101111110 
000011111011 000111001101 110100000101 000111100010 000011101110 111110010110 111100110011 000100111011 
111010110010 111010111010 111111010101 000101111000 111110001111 110110110010 111001011000 000010001110 
111010111001 110110010001 111100110010 000010100001 110111110001 000111000110 111011011010 111010111110 
111110001100 111111011010 000101110001 111100100111 111110001001 111101111110 111100111111 111101101101 
000000000111 111010111001 111111011010 111110000111 000100010111 111100111111 000001100111 000000101111 
000101100100 111011101100 000001001110 000000001111 000110010101 111110010101 111111101111 111100110010 
110110001101 111010011011 000010001000 111111101011 000101100010 000000111001 000100011000 000101000011 
111010110101 001000001111 000100011001 000111010100 111101001101 000010011010 110110000110 111100001111 
000000111110 000011110111 000101000110 111011111001 111011110001 000101001100 111010010101 111111000100 
111010100000 111101001010 000001010011 001010111000 000110000101 000001010101 000010101001 000010001101 
001110100011 000101000111 000000000110 111101101111 111111111111 111011100101 111111001111 111110000011 
000000101110 111011101111 111101001101 111110111001 000010101011 000101010111 111101100110 001011101011 
111101010011 000000010110 000100100000 111001010001 111101100111 000001100001 000010110110 000010011100 
111100000100 000010111000 000101001001 001010100001 111100000100 000000000011 000011110001 111110100011 
111011000101 111001111010 110101000001 110111010100 110110000001 111111100001 000000011100 111000111011 
111101001111 111110010101 000101001010 001001101001 111011110111 000110100110 000001110011 000101001010 
110110100000 111111001010 110110010000 001000101000 001100010011 000110111001 000011010101 111100110011 
000110010001 111000000100 001001110100 000011011000 111110101101 110110001100 111101110111 111111011000 
000101011111 001010010110 111001010101 111010100100 111111100110 111010010100 111111101100 111001010000 
111110101001 111010110100 111100111100 000100011000 111111011010 111000100100 001001101111 110110111010 
000100011001 110111000100 111011111111 110111100000 111100111100 111111101100 111101111011 111110101010 
000101101001 000000110100 111101010010 000000101100 111011011111 000001010011 111101111100 111001101101 
111011001010 111001100000 110011111010 000010010100 001000001101 000001000011 111001000011 000010000111 
111100111011 110011111100 000101101110 111100100111 111000001111 111000001010 111000111001 000010010111 
001000000110 111010111000 110111001101 000111110011 111100011101 000001100000 000011111100 000010010001 
111011010000 111100100101 000000110011 000001000100 000100010011 111111101010 111100101100 000011101101 
111011101000 111011110000 000011001011 111010101101 000001100100 000001000001 000001111111 000001001100 
000001010011 000000100001 000001001110 000010011001 000101010111 000101010010 000001100011 000100001010 
000101011101 111111001110 001001011000 000011110011 000001101101 000110010000 000011010101 111010011001 
000010010101 000111101101 111010001010 001000010001 000000111010 111001010001 000111111111 000101000011 
000001010001 000011001111 111001001011 111000010000 111001100000 000011111111 111011001010 000111110010 
110101011100 111101000011 111110000001 000010010010 111000010001 111010001000 111011011111 111110111111 
111010110110 111010111001 000110110001 111111011001 111010110111 111011111101 111010010010 000100011101 
000100101110 001110010100 111001101110 000000011111 000100111100 111011000010 000011001000 000000011101 
000100010000 000100001011 000011111110 111111111101 111001100110 111111001101 000010010111 000010101001 
111110100001 111101010101 111011110000 111110101101 000011000110 000010010010 111100000010 111100100100 
000110000010 111111110100 111100110001 111101010101 001001101011 000000011100 000100110000 000111100111 
001011010111 000110101011 000011000110 000001110111 110101110010 111100000100 000010010001 000010001010 
110110101100 110110100101 000101010110 111101011100 000100011010 000100011001 000010001001 001001100010 
111010101110 111111111101 111110101101 111101101111 111010110010 000110100100 000100101100 111100001000 
000000000111 110100000010 110111011001 000100101100 111011111001 000000010000 110111110110 111100010000 
000110100111 111111000100 111000011010 001101111010 001001011110 000011101000 000110101101 000100100100 
000100001001 000000000000 111110110110 111101010111 111001110010 000110000010 000010001111 111111001011 
000000000000 000010000000 111100000000 000010000000 110110000000 000100000000 000010000000 000010000000 
111100000000 000010000000 000100000000 001000000000 111100000000 111010000000 111000000000 000000000000 
111110000000 111110000000 111100000000 111100000000 000000000000 111110000000 000100000000 000010000000 
000000000000 110100000000 000000000000 111010000000 111100000000 111110000000 000010000000 000010000000 
110110000000 111000000000 000000000000 111000000000 000000000000 001000000000 111110000000 111110000000 
001000000000 000100000000 111100000000 111110000000 111000000000 111010000000 000000000000 000000000000 
000000000000 000010000000 111100000000 111000000000 111110000000 000010000000 000010000000 000110000000 
000100000000 110110000000 000010000000 111110000000 000000000000 000010000000 000000000000 000100000000 
111110000000 111010000000 000010000000 111000000000 000110000000 111010000000 000010000000 111110000000 
000010000000 111100000000 000000000000 001000000000 111100000000 000000000000 110010000000 000000000000 
001000000000 111110000000 001100000000 000000000000 000000000000 110110000000 000000000000 000110000000 
000110000000 111100000000 000110000000 000000000000 000000000000 001010000000 001110000000 111100000000 
111100000000 000110000000 001000000000 001000000000 110110000000 111110000000 111010000000 000110000000 
111110000000 111110000000 111000000000 000010000000 001010000000 111110000000 000100000000 000000000000 
000000000000 111000000000 111100000000 000100000000 000100000000 000010000000 111110000000 110110000000 
111000000000 111110000000 111010000000 110010000000 000000000000 111000000000 000010000000 000000000000 
111100000000 000010000000 111000000000 111010000000 111110000000 111010000000 000000000000 110110000000 
110110000000 111100000000 000010000000 000110000000 000100000000 111100000000 000010000000 110100000000 
000010000000 001010000000 001000000000 000010000000 000010000000 000110000000 001100000000 000110000000 
000000000000 101110000000 000000000000 001010000000 000100000000 000110000000 001000000000 000000000000 
111100000000 001000000000 111100000000 000100000000 110100000000 110110000000 000000000000 000010000000 
000000000000 111000000000 001000000000 111100000000 111000000000 000010000000 111110000000 000000000000 
001010000000 111010000000 111110000000 000110000000 111000000000 000000000000 000110000000 000010000000 
000100000000 111000000000 000000000000 000000000000 000000000000 000100000000 111100000000 000010000000 
111100000000 000010000000 000100000000 111110000000 111110000000 000100000000 000100000000 111110000000 
111100000000 111010000000 001000000000 001000000000 111110000000 000100000000 000100000000 000100000000 
001010000000 111110000000 111000000000 000000000000 111110000000 001000000000 001000000000 111110000000 
001010000000 001100000000 000100000000 000110000000 111100000000 000000000000 111110000000 001000000000 
000010000000 001110000000 000110000000 111110000000 111110000000 001000000000 111010000000 111100000000 
000000000000 000010000000 111100000000 111110000000 000100000000 000110000000 000010000000 111010000000 
110000000000 110100000000 000010000000 110010000000 111010000000 001000000000 000110000000 000000000000 
000100000000 000000000000 001000000000 000000000000 000000000000 111010000000 111110000000 000100000000 
000000000000 000110000000 000100000000 000100000000 111010000000 111000000000 111000000000 001010000000 
000100000000 111100000000 111110000000 111000000000 111010000000 111100000000 001000000000 111000000000 
001000000000 000100000000 001000000000 110010000000 001000000000 111010000000 000100000000 000010000000 
111000000000 110110000000 111100000000 001100000000 001110000000 000000000000 000100000000 000010000000 
001000000000 111110000000 111100000000 000100000000 000000000000 000000000000 111000000000 111010000000 
111100000000 110010000000 111100000000 000100000000 111100000000 000000000000 000100000000 000010000000 
001110000000 000000000000 111010000000 111100000000 000000000000 111000000000 000110000000 000100000000 
001000000000 000000000000 000100000000 000010000000 111110000000 111010000000 111110000000 000000000000 
111100000000 001000000000 000010000000 001110000000 000110000000 111110000000 000010000000 000100000000 
000100000000 110100000000 001010000000 000010000000 111100000000 111100000000 000110000000 000000000000 
111000000000 000100000000 111000000000 111100000000 000100000000 111100000000 111100000000 111110000000 
000100000000 000100000000 111100000000 000000000000 000000000000 111000000000 111110000000 000110000000 
000110000000 111010000000 111000000000 000010000000 000100000000 111000000000 000110000000 111010000000 
000000000000 000100000000 111010000000 000000000000 001010000000 000010000000 000000000000 000000000000 
110110000000 000010000000 110110000000 000010000000 000110000000 000010000000 001010000000 000110000000 
111010000000 000100000000 000010000000 111010000000 111110000000 000110000000 000110000000 000000000000 
001010000000 000000000000 000010000000 000010000000 000010000000 000010000000 111010000000 000110000000 
111100000000 000110000000 111110000000 000000000000 000100000000 111010000000 000100000000 110110000000 
111100000000 000010000000 000100000000 000100000000 000100000000 111010000000 000100000000 000000000000 
000110000000 111110000000 000100000000 000100000000 000110000000 111100000000 111110000000 000000000000 
111100000000 000110000000 111110000000 111000000000 111010000000 111110000000 000110000000 000100000000 
000000000000 000010000000 111000000000 111100000000 001000000000 111000000000 111110000000 111000000000 
000000000000 111100000000 110010000000 111000000000 110110000000 000100000000 000110000000 000010000000 
000100000000 000000000000 000000000000 001010000000 001000000000 111100000000 000100000000 000000000000 
000000000000 000100000000 000110000000 000110000000 111000000000 000010000000 000000000000 110110000000 
000100000000 001000000000 110100000000 001000000000 000100000000 111110000000 111100000000 000100000000 
111010000000 111010000000 000000000000 000110000000 111110000000 110110000000 111010000000 000010000000 
111010000000 110110000000 111100000000 000010000000 111000000000 001000000000 111100000000 111010000000 
111110000000 000000000000 000110000000 111100000000 111110000000 111110000000 111100000000 111110000000 
000000000000 111010000000 000000000000 111110000000 000100000000 111100000000 000010000000 000000000000 
000110000000 111100000000 000010000000 000000000000 000110000000 111110000000 000000000000 111100000000 
110110000000 111010000000 000010000000 000000000000 000110000000 000000000000 000100000000 000110000000 
111010000000 001000000000 000100000000 001000000000 111110000000 000010000000 110110000000 111100000000 
000000000000 000100000000 000110000000 111100000000 111100000000 000110000000 111010000000 000000000000 
111010000000 111110000000 000010000000 001010000000 000110000000 000010000000 000010000000 000010000000 
001110000000 000110000000 000000000000 111110000000 000000000000 111100000000 000000000000 111110000000 
000000000000 111100000000 111110000000 111110000000 000010000000 000110000000 111110000000 001100000000 
111110000000 000000000000 000100000000 111010000000 111110000000 000010000000 000010000000 000010000000 
111100000000 000010000000 000110000000 001010000000 111100000000 000000000000 000100000000 111110000000 
111100000000 111010000000 110110000000 111000000000 110110000000 000000000000 000000000000 111000000000 
111110000000 111110000000 000110000000 001010000000 111100000000 000110000000 000010000000 000110000000 
110110000000 000000000000 110110000000 001000000000 001100000000 000110000000 000100000000 111100000000 
000110000000 111000000000 001010000000 000100000000 111110000000 110110000000 111110000000 000000000000 
000110000000 001010000000 111010000000 111010000000 000000000000 111010000000 000000000000 111010000000 
111110000000 111010000000 111100000000 000100000000 000000000000 111000000000 001010000000 110110000000 
000100000000 111000000000 111100000000 111000000000 111100000000 000000000000 111110000000 111110000000 
000110000000 000000000000 111110000000 000000000000 111100000000 000010000000 111110000000 111010000000 
111100000000 111010000000 110100000000 000010000000 001000000000 000010000000 111010000000 000010000000 
111100000000 110100000000 000110000000 111100000000 111000000000 111000000000 111000000000 000010000000 
001000000000 111010000000 111000000000 001000000000 111100000000 000010000000 000100000000 000010000000 
111100000000 111100000000 000000000000 000010000000 000100000000 000000000000 111100000000 000100000000 
111100000000 111100000000 000100000000 111010000000 000010000000 000010000000 000010000000 000010000000 
000010000000 000000000000 000010000000 000010000000 000110000000 000110000000 000010000000 000100000000 
000110000000 000000000000 001010000000 000100000000 000010000000 000110000000 000100000000 111010000000 
000010000000 001000000000 111010000000 001000000000 000000000000 111010000000 001000000000 000110000000 
000010000000 000100000000 111010000000 111000000000 111010000000 000100000000 111100000000 001000000000 
110110000000 111110000000 111110000000 000010000000 111000000000 111010000000 111100000000 111110000000 
111010000000 111010000000 000110000000 000000000000 111010000000 111100000000 111010000000 000100000000 
000100000000 001110000000 111010000000 000000000000 000100000000 111100000000 000100000000 000000000000 
000100000000 000100000000 000100000000 000000000000 111010000000 000000000000 000010000000 000010000000 
111110000000 111110000000 111100000000 111110000000 000100000000 000010000000 111100000000 111100000000 
000110000000 000000000000 111100000000 111110000000 001010000000 000000000000 000100000000 001000000000 
001100000000 000110000000 000100000000 000010000000 110110000000 111100000000 000010000000 000010000000 
110110000000 110110000000 000110000000 111110000000 000100000000 000100000000 000010000000 001010000000 
111010000000 000000000000 111110000000 111110000000 111010000000 000110000000 000100000000 111100000000 
000000000000 110100000000 111000000000 000100000000 111100000000 000000000000 111000000000 111100000000 
000110000000 000000000000 111000000000 001110000000 001010000000 000100000000 000110000000 000100000000 
000100000000 000000000000 111110000000 111110000000 111010000000 000110000000 000010000000 000000000000 
